0.24
0.39
0.89
0.39
0.39
0.39
0.39
0.39
0.10
0.68
0.25
0.17
0.37
0.27
0.71
0.35
0.36
0.34
0.79
0.72
0.20
0.39
0.34
0.66
0.29
0.30
0.51
0.52
0.12
0.96
0.42
0.18
0.43
0.14
0.69
0.10
0.38
0.94
0.60
0.69
0.08
0.01
0.81
0.51
0.13
0.77
1.00
0.37
0.02
0.93
0.89
0.01
0.40
0.71
0.70
0.60
0.33
0.55
0.27
0.97
0.11
0.59
0.45
0.40
0.43
0.57
0.07
0.85
0.85
0.50
0.79
0.45
0.24
0.41
0.26
0.23
0.77
0.08
0.76
0.81
0.95
0.78
0.94
0.42
0.15
0.30
0.90
0.95
0.03
0.45
0.46
0.05
0.32
0.84
0.23
0.77
0.33
0.16
0.37
0.73
0.94
0.57
0.42
0.48
0.38
0.53
0.28
0.59
0.98
0.72
0.31
0.77
0.37
0.52
0.24
0.30
0.78
0.73
0.47
0.55
0.27
0.61
0.17
0.00
0.01
0.79
0.53
0.04
0.13
0.92
0.39
0.12
0.59
0.67
0.46
0.29
0.62
0.85
0.39
0.04
0.65
0.39
0.91
0.15
0.16
0.98
0.29
0.05
0.27
0.57
0.49
0.33
0.34
0.29
0.68
0.24
0.53
0.85
0.43
0.25
0.43
0.98
0.81
0.95
0.03
0.55
0.03
0.56
0.19
0.44
0.28
0.21
0.09
0.34
0.00
0.62
0.28
0.13
0.70
0.17
0.02
0.85
0.34
0.45
0.97
0.42
0.98
0.43
0.47
0.30
0.55
0.79
0.99
0.67
0.23
0.85
0.57
0.69
0.25
0.25
0.61
0.10
0.45
0.15
0.35
0.04
0.54
0.92
0.46
0.20
0.43
0.52
0.78
0.72
0.64
0.61
0.54
0.76
0.56
0.86
0.28
0.98
0.61
0.84
0.48
0.76
0.54
0.56
0.69
0.14
0.30
0.16
0.00
0.70
0.09
0.80
0.94
0.98
0.70
0.33
0.11
0.14
0.16
0.90
0.84
0.39
0.47
0.59
0.59
0.42
0.35
0.05
0.96
0.32
0.22
0.99
0.61
0.99
0.43
0.61
0.37
0.56
0.78
0.54
0.73
0.73
0.19
0.71
0.64
0.83
0.76
0.45
0.52
0.17
0.03
0.79
0.51
0.30
0.87
0.09
0.51
0.49
0.99
0.58
0.13
0.57
0.87
0.12
0.34
0.83
0.22
0.24
0.67
0.53
0.33
0.05
0.25
0.17
0.95
0.00
0.69
0.78
0.28
0.23
0.24
0.77
0.57
0.46
0.81
0.57
0.51
0.81
0.57
0.09
0.37
0.19
0.27
0.30
0.26
0.52
0.48
0.53
0.93
0.54
0.55
0.12
0.44
0.01
0.20
0.55
0.36
0.66
0.19
0.21
0.47
0.17
0.79
0.79
0.89
0.21
0.42
0.66
0.71
0.77
0.16
0.51
0.34
0.19
0.23
0.12
0.82
0.31
0.47
0.40
0.59
0.88
0.96
0.67
0.54
0.78
0.80
0.30
0.11
0.92
0.71
0.49
0.90
0.88
0.55
0.84
0.07
0.89
0.90
0.30
0.64
0.87
0.22
0.74
0.70
0.97
0.02
0.70
0.46
0.03
0.46
0.28
0.81
0.59
0.19
0.86
0.38
0.49
0.44
0.36
0.71
0.09
0.18
0.15
0.36
0.82
0.96
0.98
0.94
0.76
0.13
0.70
0.77
0.70
0.03
0.11
0.50
0.94
0.80
0.02
0.64
0.56
0.54
0.38
0.59
0.84
0.38
0.01
0.62
0.99
0.52
0.98
0.86
0.43
0.08
0.21
0.05
0.32
0.96
0.56
0.93
0.47
0.02
0.95
0.63
0.65
0.17
0.29
0.51
0.57
0.19
0.82
0.65
0.22
0.36
0.28
0.35
0.85
0.44
0.66
0.64
0.02
0.61
0.82
0.07
0.47
0.76
0.84
0.96
0.81
0.58
0.43
0.31
0.39
0.44
0.71
0.75
0.19
0.77
0.53
0.95
0.80
0.72
0.39
0.11
0.21
0.89
0.17
0.31
0.24
0.05
0.33
0.66
0.68
0.76
0.28
0.55
0.43
0.16
0.19
0.56
0.38
0.97
0.30
0.61
0.09
0.50
0.14
0.87
0.48
0.98
0.05
0.54
0.56
0.67
0.54
0.80
0.16
0.46
0.43
0.01
0.78
0.04
0.62
0.08
0.13
0.16
0.12
0.34
0.96
0.63
0.54
0.67
0.46
0.51
0.40
0.33
0.22
0.89
0.08
0.45
0.15
0.71
0.83
0.72
0.72
0.01
0.84
0.64
0.10
0.08
0.38
0.11
0.22
0.94
0.47
0.08
0.51
0.94
0.26
0.65
0.14
0.11
0.63
0.65
0.92
0.22
0.38
0.84
0.48
0.68
0.51
0.35
0.41
0.61
0.50
0.15
0.13
0.76
0.13
0.01
0.53
0.99
0.30
0.49
0.53
0.83
0.78
0.47
0.15
0.34
0.86
0.53
0.68
0.53
0.31
0.78
0.27
0.49
0.46
0.59
0.92
0.24
0.16
0.84
0.34
0.35
0.61
0.49
0.97
0.40
0.23
0.27
0.84
0.45
0.70
0.54
0.25
0.42
0.14
0.75
0.05
0.04
0.71
0.73
0.41
0.41
0.41
0.95
0.18
0.96
0.85
0.56
0.50
0.42
0.52
0.77
0.48
0.01
0.07
0.36
0.39
0.73
0.99
0.54
0.93
0.76
0.87
0.76
0.20
0.34
0.96
0.50
0.50
0.77
0.76
0.81
0.99
0.80
0.84
0.53
0.23
0.69
0.34
0.93
0.88
0.06
0.96
0.07
0.65
0.92
0.83
0.60
0.34
0.84
0.47
0.75
0.09
0.61
0.61
0.50
0.39
0.77
0.70
0.95
0.09
0.16
0.99
0.54
0.93
0.39
0.94
0.54
0.97
0.61
0.27
0.04
0.45
0.63
0.22
0.48
0.01
0.58
0.92
0.81
0.66
0.36
0.48
0.88
0.14
0.60
0.32
0.09
0.14
0.23
0.51
0.82
0.91
0.89
0.49
0.51
0.78
0.92
0.16
0.09
0.10
0.18
0.63
0.53
0.60
0.23
0.01
0.50
0.40
0.92
0.56
0.05
0.48
0.02
0.30
0.54
0.82
0.01
0.19
0.14
0.57
0.71
0.94
0.44
0.92
0.02
0.77
0.02
0.60
0.79
0.88
0.97
0.04
0.31
0.50
0.84
0.31
0.78
0.02
0.61
0.89
0.77
0.73
0.88
0.76
0.41
0.68
0.73
0.41
0.92
0.82
0.08
0.21
0.92
0.09
0.07
0.76
0.59
0.39
0.18
0.72
1.00
0.52
0.64
0.66
0.53
0.64
0.87
0.88
0.48
0.06
0.74
0.61
0.62
0.78
0.58
0.18
0.95
0.08
0.86
0.63
0.44
0.91
1.00
0.92
0.95
0.84
0.50
0.59
0.52
0.79
0.33
0.71
0.24
0.94
0.30
0.31
0.43
0.46
0.90
0.04
0.48
0.50
0.01
0.84
0.57
0.48
0.67
0.25
0.22
0.17
0.06
0.75
0.28
0.32
0.69
0.07
0.05
0.46
0.90
0.35
0.67
0.35
0.62
0.60
0.34
0.06
0.38
0.03
0.31
0.12
0.82
0.17
0.90
0.95
0.68
0.28
0.60
0.16
0.66
0.62
0.43
0.56
0.69
0.00
0.57
0.37
0.97
0.95
0.72
0.39
0.93
0.19
0.25
0.72
0.90
0.34
0.86
0.70
0.13
0.15
0.11
0.94
0.53
0.88
0.97
0.17
0.35
0.70
0.05
0.22
0.04
0.74
0.22
0.80
0.14
0.20
0.87
0.31
0.26
0.46
0.04
0.28
0.03
0.16
0.40
0.48
0.87
0.56
0.99
0.70
0.57
0.93
0.60
0.07
0.65
0.80
0.52
0.31
0.50
0.68
0.32
0.82
0.55
0.66
0.63
0.64
0.84
0.61
0.49
0.14
0.38
0.95
0.26
0.34
0.09
0.17
0.05
0.87
0.43
0.52
0.71
0.32
0.63
0.68
0.78
0.35
0.46
0.60
0.66
0.25
0.11
0.74
0.90
0.86
0.66
0.18
0.43
0.50
0.57
0.11
0.05
0.62
0.59
0.49
0.62
0.85
0.24
0.16
0.04
0.97
0.30
0.38
0.19
0.83
0.55
0.95
0.56
0.51
0.06
0.29
0.77
0.39
0.74
0.62
0.58
0.16
0.32
0.16
0.59
0.21
0.96
0.56
0.24
0.51
0.95
0.18
0.41
0.99
0.96
0.57
0.50
0.99
0.94
0.61
0.41